mg_1.fna.gz,mg_2.fna.gz,mg_3.fna.gz,mg_4.fna.gz,mg_5.fna.gz,mg_6.fna.gz,mg_7.fna.gz,mg_8.fna.gz
1.0,0.1893180734382451,0.09276729559748427,0.1893180734382451,1.0,0.0,0.5125628140703518,0.3328537170263789
0.1893180734382451,1.0,0.7267869071476286,1.0,0.1893180734382451,0.0,0.37572559366754615,0.3668195081283868
0.09276729559748427,0.7267869071476286,1.0,0.7267869071476286,0.09276729559748427,0.0,0.3130227001194743,0.317722681359045
0.1893180734382451,1.0,0.7267869071476286,1.0,0.1893180734382451,0.0,0.37572559366754615,0.3668195081283868
1.0,0.1893180734382451,0.09276729559748427,0.1893180734382451,1.0,0.0,0.5125628140703518,0.3328537170263789
0.0,0.0,0.0,0.0,0.0,1.0,0.0,0.20958302852962693
0.5125628140703518,0.37572559366754615,0.3130227001194743,0.37572559366754615,0.5125628140703518,0.0,1.0,0.2870493991989319
0.3328537170263789,0.3668195081283868,0.317722681359045,0.3668195081283868,0.3328537170263789,0.20958302852962693,0.2870493991989319,1.0
